AC3Db
MATERIAL "ac3dmat1" rgb 0.898 0.914 1  amb 0.898 0.914 1  emis 0 0 0  spec 0.62 0.647 0.733  shi 125  trans 0
MATERIAL "ac3dmat1" rgb 1 0.965 0.965  amb 1 0.965 0.965  emis 0 0 0  spec 0.706 0.541 0.541  shi 125  trans 0
OBJECT world
kids 1
OBJECT group
name "FLAP"
loc 0.00836385 0.00687614 0.0058396
texture "t38-flaps.png"
kids 2
OBJECT group
name "IVSI"
loc 0.00173577 0.00687614 0.0058396
texture "t38-flaps.png"
kids 1
OBJECT poly
name "Aiguille"
loc -0.0028132 -0.00881013 -0.0116792
crease 45.000000
numvert 5
0 0.00699183 -0.0012494
0 0.00699183 0.0012494
0 -0.00696986 0.000836131
0 -0.00696986 -0.000834922
0 0.0198507 7.54371e-09
numsurf 2
SURF 0x10
mat 1
refs 4
3 0 0
0 0 0
1 0 0
2 0 0
SURF 0x10
mat 1
refs 3
4 0 0
1 0 0
0 0 0
kids 0
OBJECT poly
name "Cadran"
loc -0.00173577 -0.00687614 -0.0058396
texture "t38-flaps.png"
crease 45.000000
numvert 25
0 0 0.0258986
0 0.00670305 0.0250161
0 0.0129493 0.0224288
0 0.0183131 0.0183131
0 0.0224288 0.0129493
0 0.0250161 0.00670305
0 0.0258986 0
0 0.0250161 -0.00670305
0 0.0224288 -0.0129493
0 0.0183131 -0.0183131
0 0.0129493 -0.0224288
0 0.00670305 -0.0250161
0 0 -0.0258986
0 -0.00670305 -0.0250161
0 -0.0129493 -0.0224288
0 -0.0183131 -0.0183131
0 -0.0224288 -0.0129493
0 -0.0250161 -0.00670305
0 -0.0258986 0
0 -0.0250161 0.00670305
0 -0.0224288 0.0129493
0 -0.0183131 0.0183131
0 -0.0129493 0.0224288
0 -0.00670305 0.0250161
0 0 0
numsurf 24
SURF 0x0
mat 0
refs 3
24 0.497232 0.5
1 0.0169329 0.62941
0 -1.02627e-05 0.5
SURF 0x0
mat 0
refs 3
24 0.497232 0.5
2 0.0666076 0.75
1 0.0169329 0.62941
SURF 0x0
mat 0
refs 3
24 0.497232 0.5
3 0.145629 0.853553
2 0.0666076 0.75
SURF 0x0
mat 0
refs 3
24 0.497232 0.5
4 0.248611 0.933013
3 0.145629 0.853553
SURF 0x0
mat 0
refs 3
24 0.497232 0.5
5 0.368536 0.982963
4 0.248611 0.933013
SURF 0x0
mat 0
refs 3
24 0.497232 0.5
6 0.497232 1
5 0.368536 0.982963
SURF 0x0
mat 0
refs 3
24 0.497232 0.5
7 0.625929 0.982963
6 0.497232 1
SURF 0x0
mat 0
refs 3
24 0.497232 0.5
8 0.745853 0.933013
7 0.625929 0.982963
SURF 0x0
mat 0
refs 3
24 0.497232 0.5
9 0.848835 0.853553
8 0.745853 0.933013
SURF 0x0
mat 0
refs 3
24 0.497232 0.5
10 0.927857 0.75
9 0.848835 0.853553
SURF 0x0
mat 0
refs 3
24 0.497232 0.5
11 0.977532 0.62941
10 0.927857 0.75
SURF 0x0
mat 0
refs 3
24 0.497232 0.5
12 0.994475 0.5
11 0.977532 0.62941
SURF 0x0
mat 0
refs 3
24 0.497232 0.5
13 0.977532 0.37059
12 0.994475 0.5
SURF 0x0
mat 0
refs 3
24 0.497232 0.5
14 0.927857 0.25
13 0.977532 0.37059
SURF 0x0
mat 0
refs 3
24 0.497232 0.5
15 0.848835 0.146447
14 0.927857 0.25
SURF 0x0
mat 0
refs 3
24 0.497232 0.5
16 0.745853 0.0669873
15 0.848835 0.146447
SURF 0x0
mat 0
refs 3
24 0.497232 0.5
17 0.625929 0.0170371
16 0.745853 0.0669873
SURF 0x0
mat 0
refs 3
24 0.497232 0.5
18 0.497232 0
17 0.625929 0.0170371
SURF 0x0
mat 0
refs 3
24 0.497232 0.5
19 0.368536 0.0170371
18 0.497232 0
SURF 0x0
mat 0
refs 3
24 0.497232 0.5
20 0.248611 0.0669873
19 0.368536 0.0170371
SURF 0x0
mat 0
refs 3
24 0.497232 0.5
21 0.145629 0.146447
20 0.248611 0.0669873
SURF 0x0
mat 0
refs 3
24 0.497232 0.5
22 0.0666076 0.25
21 0.145629 0.146447
SURF 0x0
mat 0
refs 3
24 0.497232 0.5
23 0.0169329 0.37059
22 0.0666076 0.25
SURF 0x0
mat 0
refs 3
24 0.497232 0.5
0 -1.02627e-05 0.5
23 0.0169329 0.37059
kids 0
